20 1.56747
20.5 2.37402
21 2.63935
21.5 3.55159
22 3.17386
22.5 3.50968
23 2.19772
23.5 3.7024
24 4.3138
24.5 4.94483
25 4.65709
25.5 4.92443
26 6.30266
26.5 4.7454
27 2.92682
27.5 3.6001
28 4.19104
28.5 4.26208
29 4.59124
29.5 4.46958
30 2.98769
30.5 2.62672
31 3.32592
31.5 2.80072
32 2.38146
32.5 2.2391
33 1.97084
33.5 2.2903
34 2.86121
34.5 3.50922
35 4.49112
35.5 3.65509
36 3.04586
36.5 2.79061
37 4.1718
37.5 6.85951
38 5.5759
38.5 3.49748
39 3.6379
39.5 4.05009
40 3.52
40.5 2.92314
41 3.34667
41.5 4.14832
42 4.39382
42.5 3.98549
43 3.58991
43.5 3.7363
44 3.67144
44.5 4.2813
45 5.80434
45.5 6.37364
46 6.09478
46.5 5.80897
47 4.70865
47.5 3.28715
48 2.67875
48.5 3.32428
49 5.45324
49.5 7.51143
50 9.65894
50.5 11.3821
51 10.8627
51.5 8.56204
52 6.10465
52.5 4.65975
53 4.05945
53.5 4.04338
54 4.4452
54.5 5.00315
55 6.50049
55.5 8.37469
56 8.25357
56.5 5.98793
57 3.85956
57.5 3.24339
58 2.98018
58.5 2.74754
59 2.87232
59.5 3.33944
60 3.13476
60.5 2.28939
61 1.86721
61.5 1.92263
62 2.10949
62.5 2.44796
