20 0.137455
20.5 0.154918
21 0.145012
21.5 0.110568
22 0.128599
22.5 0.130676
23 0.0920729
23.5 0.0927396
24 0.0929268
24.5 0.120254
25 0.11234
25.5 0.0892701
26 0.0789797
26.5 0.0799746
27 0.0777008
27.5 0.0751496
28 0.0766834
28.5 0.072396
29 0.0732369
29.5 0.0757013
30 0.0703352
30.5 0.0701388
31 0.0719504
31.5 0.0698512
32 0.0690835
32.5 0.067215
33 0.068186
33.5 0.0691298
34 0.068944
34.5 0.0716094
35 0.085972
35.5 0.105341
36 0.101913
36.5 0.0870835
37 0.074892
37.5 0.0668868
38 0.0643263
38.5 0.0664243
39 0.0618714
39.5 0.0655622
40 0.0629915
40.5 0.0640232
41 0.0658476
41.5 0.0747748
42 0.0733678
42.5 0.0679108
43 0.0608055
43.5 0.0609137
44 0.061133
44.5 0.0591744
45 0.066213
45.5 0.0703514
46 0.0672797
46.5 0.0624761
47 0.0614261
47.5 0.0621951
48 0.0694618
48.5 0.0890178
49 0.0987985
49.5 0.099386
50 0.0831678
50.5 0.0708049
51 0.0627817
51.5 0.0575631
52 0.0594186
52.5 0.0654932
53 0.0692285
53.5 0.063758
54 0.0577241
54.5 0.0558527
55 0.0497231
55.5 0.0481409
56 0.0538873
56.5 0.0587124
57 0.0591693
57.5 0.0533556
58 0.0497954
58.5 0.0458879
59 0.044702
59.5 0.0443294
60 0.0402377
60.5 0.0402809
61 0.0412158
61.5 0.0458142
62 0.0530608
62.5 0.0557565
